              precision    recall  f1-score   support

    airplane     0.9016    0.8890    0.8953      1000
  automobile     0.9295    0.9630    0.9460      1000
        bird     0.8670    0.8280    0.8471      1000
         cat     0.8501    0.7090    0.7732      1000
        deer     0.8821    0.8680    0.8750      1000
         dog     0.8677    0.7870    0.8254      1000
        frog     0.8134    0.9720    0.8856      1000
       horse     0.9011    0.9290    0.9148      1000
        ship     0.9468    0.9260    0.9363      1000
       truck     0.8739    0.9560    0.9131      1000

    accuracy                         0.8827     10000
   macro avg     0.8833    0.8827    0.8812     10000
weighted avg     0.8833    0.8827    0.8812     10000
